  0.0000000E+00  8.681889672367603E-004  1.579917566254193E-005
   1.000000      1.968194742767175E-003 -2.130550847683079E-005
   2.000000      3.629352911173954E-003 -5.269685450119924E-006
   3.000000      5.194047998826835E-003 -2.145085424268352E-005
   4.000000      6.628636110702905E-003  2.395021030381887E-005
   5.000000      7.944331760161974E-003 -1.740310972194458E-005
   6.000000      9.415513939108404E-003  2.316770548777196E-005
   7.000000      1.060815144026108E-002 -3.221335482604525E-005
   8.000000      1.161079582161265E-002 -1.330137076196906E-005
   9.000000      1.279571487697436E-002 -1.289392895775238E-005
   10.00000      1.414917992860294E-002 -1.045757369084655E-005
   11.00000      1.542557320152255E-002 -5.861207651591344E-007
   12.00000      1.638850437853475E-002 -1.899774049471069E-006
   13.00000      1.752394633394316E-002 -2.067137379382893E-005
   14.00000      1.863667716870709E-002  1.929405566723864E-005
   15.00000      1.951110558225141E-002 -1.040605378104532E-005
   16.00000      2.067268035689989E-002 -9.845985725935790E-006
   17.00000      2.181247528702341E-002  1.392107604692600E-005
   18.00000      2.281753537825792E-002 -5.065564498127741E-006
   19.00000      2.374920769582073E-002  1.495668699862393E-006
   20.00000      2.447425049803909E-002 -2.622482501817186E-005
   21.00000      2.534934970711266E-002  2.162518849550043E-005
   22.00000      2.603771632349479E-002  5.116545451050687E-006
   23.00000      2.667009791748296E-002  1.813301277881291E-005
   24.00000      2.736405083566873E-002 -2.036473829396055E-005
   25.00000      2.788882083463651E-002  2.345785844799761E-005
   26.00000      2.877106722362211E-002  9.026373675169735E-006
   27.00000      2.956584665096872E-002 -1.670749193407740E-005
   28.00000      3.009495063654242E-002  5.642477456226509E-006
   29.00000      3.070942653927494E-002 -2.683963697416567E-005
   30.00000      3.157124199137921E-002 -5.322834322911483E-006
   31.00000      3.224426795939545E-002  5.958246790611709E-006
   32.00000      3.273396672290401E-002 -6.835595058101676E-006
   33.00000      3.330626941976204E-002  2.299579180993725E-005
   34.00000      3.393126274593136E-002  1.113096614470347E-006
   35.00000      3.441984163498349E-002 -2.079872898936012E-007
   36.00000      3.435553883962454E-002 -8.217986771457244E-006
   37.00000      3.452332421851302E-002 -1.482996379568232E-005
   38.00000      3.493100564955548E-002  1.024340471102001E-005
   39.00000      3.524209090278914E-002 -4.168374074739929E-006
   40.00000      3.570006305511567E-002 -1.473765057623776E-005
   41.00000      3.594238527523690E-002  1.147277818971304E-006
   42.00000      3.651467861664441E-002  1.278779504073149E-005
   43.00000      3.712810495066288E-002 -2.057264533713441E-005
   44.00000      3.733297194334246E-002  1.032306094611298E-005
   45.00000      3.754212693670579E-002  1.423451341007517E-005
   46.00000      3.790854142428574E-002 -6.612266092939199E-006
   47.00000      3.811867300752339E-002  2.370815479193168E-005
   48.00000      3.820412982575567E-002  5.929110560739460E-006
   49.00000      3.823009704731675E-002  6.708967925986165E-006
   50.00000      3.831968293221600E-002  3.177955503435599E-006
   51.00000      3.815948187988474E-002 -1.243698621273151E-005
   52.00000      3.776526654231342E-002 -1.607718132581615E-005
   53.00000      3.749465369365623E-002 -2.630547789213328E-006
   54.00000      3.748928168394319E-002  1.823203407966865E-006
   55.00000      3.711599718074433E-002  2.061587669454188E-005
   56.00000      3.694498084665553E-002  5.348188551517390E-006
   57.00000      3.678999644073112E-002 -2.297553530750324E-005
   58.00000      3.641931112369756E-002  2.349860442112223E-005
   59.00000      3.601913735904010E-002  7.070439708093248E-006
   60.00000      3.549111264724096E-002 -2.260192417587891E-006
   61.00000      3.510356920089814E-002 -1.743391192376090E-005
   62.00000      3.486022336153736E-002  2.423783179170965E-005
   63.00000      3.449307177632534E-002  6.317053057133030E-006
   64.00000      3.395037666760740E-002 -1.688163175594338E-005
   65.00000      3.375448239029048E-002  2.007442539887221E-005
   66.00000      3.350047204445452E-002  1.653394064113448E-005
   67.00000      3.317469131503523E-002 -1.423320688065716E-005
   68.00000      3.262766582436535E-002  3.667343101750466E-005
   69.00000      3.209330293106873E-002  2.537985913583798E-006
   70.00000      3.195104648828562E-002  2.950162457306194E-005
   71.00000      3.153818975133175E-002 -1.479864763746922E-005
   72.00000      3.101339776103238E-002 -1.811949286827587E-005
   73.00000      3.029508596048168E-002 -1.664095667497833E-005
   74.00000      2.941030501856669E-002  6.546389375468228E-006
   75.00000      2.845402138122941E-002 -4.329707941522428E-006
   76.00000      2.729902237176399E-002 -2.168927856673386E-005
   77.00000      2.630820640349609E-002 -8.169995012064362E-006
   78.00000      2.556377658282096E-002  1.875428460165980E-006
   79.00000      2.491124853367636E-002  4.520108100082694E-006
   80.00000      2.403061965767674E-002 -1.377113742533823E-005
   81.00000      2.322887407787429E-002  1.389754722085485E-005
   82.00000      2.221080124745866E-002  2.592509441008237E-005
   83.00000      2.114811917634674E-002  6.409977279189656E-006
   84.00000      1.983992958181636E-002 -2.095672802688539E-005
   85.00000      1.887380774012299E-002 -5.006372047804681E-006
   86.00000      1.811005223308581E-002  3.782817230189682E-005
   87.00000      1.716531962842377E-002  1.312794303130574E-005
   88.00000      1.605906622158970E-002 -4.977355240076480E-007
   89.00000      1.491127692009571E-002 -1.443960548803545E-005
   90.00000      1.397284623344595E-002  1.080323595161244E-005
   91.00000      1.262566722364374E-002  5.616113045625274E-006
   92.00000      1.105236877196448E-002 -3.730037248009349E-006
   93.00000      9.741290594020421E-003 -1.009231257301711E-005
   94.00000      8.503878635412666E-003  1.467006369428488E-005
   95.00000      7.337759501724680E-003 -8.240523481062784E-006
   96.00000      5.891163344563430E-003 -3.838945555556851E-005
   97.00000      4.502358645484886E-003  6.414480916364931E-006
   98.00000      3.145609289601752E-003 -6.561717515673857E-007
   99.00000      1.607758863292458E-003 -1.581143255877941E-005
   100.0000      7.071805929246052E-004 -2.659978853747364E-005
