  0.0000000E+00  1.083352693558909E-004  8.938006083587816E-004
   1.000000      9.090967154471072E-005  2.112844875259022E-003
   2.000000     -2.405490554730877E-005  4.159370940664292E-003
   3.000000     -2.446982952062452E-005  6.078504277052310E-003
   4.000000     -5.296328329999377E-005  7.867370138316569E-003
   5.000000     -1.982424685742198E-005  9.611939757578144E-003
   6.000000     -1.836555962705617E-005  1.123659863733843E-002
   7.000000     -1.878144260634997E-005  1.269596239256157E-002
   8.000000     -4.019210597652166E-005  1.417799651022460E-002
   9.000000     -3.255477359102422E-005  1.546962369745778E-002
   10.00000     -1.550472029679684E-006  1.677979856465422E-002
   11.00000     -5.546652332946942E-005  1.821445486011464E-002
   12.00000     -1.339069101876612E-005  1.965719713942203E-002
   13.00000     -2.890563483328357E-005  2.079795324601688E-002
   14.00000     -3.243759359973604E-005  2.187576734930840E-002
   15.00000     -4.271734124393436E-005  2.296864219632358E-002
   16.00000     -2.093945083516752E-005  2.400756070316910E-002
   17.00000     -1.460046845072644E-005  2.492988979653500E-002
   18.00000     -4.426129708346264E-005  2.580137000998313E-002
   19.00000     -2.630274263328244E-005  2.681389323427810E-002
   20.00000     -1.945116743503178E-005  2.787567603412293E-002
   21.00000     -7.826445503899060E-006  2.874411883239673E-002
   22.00000     -7.435647702279087E-005  2.951082790020551E-002
   23.00000     -1.865835682079137E-005  3.024210930747447E-002
   24.00000     -4.914492699915641E-006  3.101008374081402E-002
   25.00000     -5.736433982262839E-005  3.184843545373935E-002
   26.00000     -2.884263502221393E-005  3.263598789067274E-002
   27.00000      6.451824066232661E-006  3.337908905770055E-002
   28.00000     -4.926436023854604E-005  3.401216719664674E-002
   29.00000     -3.552375142302179E-005  3.466757382768089E-002
   30.00000     -5.974966088356163E-005  3.528012176860315E-002
   31.00000     -1.547090489010251E-006  3.593441874483043E-002
   32.00000     -2.469579665405730E-005  3.657515328496565E-002
   33.00000     -3.036820643025846E-005  3.721132690340585E-002
   34.00000     -4.944938000284735E-005  3.789656562570396E-002
   35.00000     -6.317579686414901E-006  3.837847800048285E-002
   36.00000     -2.660793879926944E-005  3.878432573357093E-002
   37.00000     -6.126918697766007E-005  3.911468006337042E-002
   38.00000     -1.250981988701073E-005  3.946538483193175E-002
   39.00000     -2.025712968993189E-005  3.976579330959840E-002
   40.00000     -3.124733191003755E-005  4.004156313281945E-002
   41.00000     -2.399733571624962E-005  4.020358673119783E-002
   42.00000     -3.369223276668073E-005  4.031494582034249E-002
   43.00000     -2.573933328493847E-005  4.050674922140439E-002
   44.00000     -4.237640000496433E-005  4.073303953972320E-002
   45.00000     -3.361690876329523E-005  4.100505441341241E-002
   46.00000     -2.604341058716742E-005  4.107241656277286E-002
   47.00000     -4.723350573111284E-005  4.110841969804818E-002
   48.00000      6.377133481107247E-006  4.120139962763581E-002
   49.00000     -5.819571122921694E-005  4.099985106579981E-002
   50.00000     -1.967938381646267E-006  4.074343630762148E-002
   51.00000     -3.339869900105807E-005  4.057504924248990E-002
   52.00000     -2.465986937105028E-005  4.044656979429753E-002
   53.00000     -5.906854159135908E-005  4.037902650557571E-002
   54.00000     -1.893253645491875E-006  4.035735384075739E-002
   55.00000     -1.166343444755352E-005  4.015059433345753E-002
   56.00000     -8.464372334491834E-005  3.983797429288910E-002
   57.00000     -1.571397684684850E-006  3.961099410664464E-002
   58.00000     -3.870909777153807E-005  3.930263890978156E-002
   59.00000     -1.776214151795756E-005  3.899054599499528E-002
   60.00000     -2.911310642529672E-005  3.864740567477581E-002
   61.00000     -3.180788729932857E-005  3.844185755000319E-002
   62.00000     -6.987221284060085E-006  3.796076618134198E-002
   63.00000     -4.756694636677991E-005  3.760484860169880E-002
   64.00000     -3.425444184569672E-005  3.726117579263864E-002
   65.00000     -2.652135597171265E-005  3.685819397112061E-002
   66.00000     -1.979622306975201E-005  3.639989784965986E-002
   67.00000     -6.385265817705052E-005  3.596473162486466E-002
   68.00000      8.992890740709515E-006  3.539496589615029E-002
   69.00000     -5.713327338533912E-005  3.483672489557939E-002
   70.00000     -1.858699497946722E-007  3.422248581781235E-002
   71.00000     -5.160877989335907E-005  3.345054458045018E-002
   72.00000     -4.138319443606383E-005  3.283768905009283E-002
   73.00000     -2.434635703391786E-005  3.212451336490606E-002
   74.00000     -1.805505058785158E-005  3.142236781685408E-002
   75.00000     -2.921581478583145E-005  3.072319428391508E-002
   76.00000     -3.756545215314527E-005  3.006439025624742E-002
   77.00000     -2.026319496463239E-005  2.936134517967620E-002
   78.00000     -6.426775749398018E-006  2.848068114139102E-002
   79.00000     -6.701351693815852E-005  2.761100295491374E-002
   80.00000     -3.107445325428272E-005  2.667660501841157E-002
   81.00000     -2.233065601172402E-005  2.573853310222375E-002
   82.00000     -1.527862691688998E-005  2.484511031594338E-002
   83.00000     -3.193147386349478E-005  2.402326463038094E-002
   84.00000     -3.397402349722213E-005  2.293044141640718E-002
   85.00000     -4.577215109052288E-006  2.169955369798500E-002
   86.00000     -4.151418843616555E-005  2.053195609476872E-002
   87.00000     -5.442601422043605E-005  1.932261260932466E-002
   88.00000     -8.616018737038715E-006  1.805125223192701E-002
   89.00000     -4.267809353261269E-005  1.675850162510396E-002
   90.00000     -3.495412654419791E-005  1.540318336207380E-002
   91.00000     -2.440486892996104E-005  1.407293432401947E-002
   92.00000     -1.180059774135804E-005  1.275228624855542E-002
   93.00000     -4.546435872951210E-005  1.144862452170590E-002
   94.00000     -3.062596448301489E-005  1.005942991606003E-002
   95.00000     -1.938546795494138E-005  8.616183096662717E-003
   96.00000     -4.160863064591043E-005  7.024045219507240E-003
   97.00000      1.341399363662695E-006  5.417609712054606E-003
   98.00000     -4.004325517030016E-005  3.642043116009295E-003
   99.00000     -1.304878909621150E-004  1.920203630589647E-003
   100.0000     -6.153205206458307E-005  8.124853669872691E-004
