  0.0000000E+00  4.023612520762298E-005  7.643764426959246E-004
   1.000000      1.346917119884015E-005  1.653338709166420E-003
   2.000000     -1.072573335612112E-005  3.383835864230096E-003
   3.000000     -2.955978430301540E-006  4.868043718981495E-003
   4.000000      4.735534832346229E-006  6.179039453699616E-003
   5.000000      3.484727445177363E-006  7.658423584489107E-003
   6.000000     -9.900014610681534E-006  8.830859918728604E-003
   7.000000      9.782691548589115E-006  1.009450529876463E-002
   8.000000     -3.093316943233829E-005  1.139682932030677E-002
   9.000000      2.472975825922549E-005  1.273869648052192E-002
   10.00000     -1.697137499407459E-005  1.388997058117317E-002
   11.00000      9.604899682808679E-006  1.498881498282837E-002
   12.00000      8.729593066779642E-006  1.625176147889963E-002
   13.00000     -9.870847294672587E-006  1.747694871129834E-002
   14.00000     -7.968789471876814E-006  1.833799629944053E-002
   15.00000      2.036507432843425E-005  1.910146089775562E-002
   16.00000     -1.070556497540826E-005  1.976874595416490E-002
   17.00000     -2.851137516914596E-006  2.047857549792107E-002
   18.00000     -2.041658096580231E-005  2.131775447703247E-002
   19.00000      1.641923634737580E-005  2.201537196372759E-002
   20.00000     -1.177774160576788E-005  2.286462283154845E-002
   21.00000     -5.913921413997352E-007  2.377051160741318E-002
   22.00000      5.646440155514512E-007  2.476050197906065E-002
   23.00000      2.480005674552374E-006  2.594281718555783E-002
   24.00000      6.373067598199679E-006  2.676755007526592E-002
   25.00000     -1.054654501594004E-005  2.752748662288392E-002
   26.00000      1.812716295450209E-006  2.818788730952873E-002
   27.00000      2.721390476501663E-006  2.897203708754923E-002
   28.00000     -8.109988256335269E-006  2.967480653817927E-002
   29.00000      6.789218386824652E-006  3.037426576901599E-002
   30.00000     -8.559832092186590E-006  3.112038116832223E-002
   31.00000      8.509917478681432E-006  3.161002035183006E-002
   32.00000      4.293564057050595E-006  3.211475114986106E-002
   33.00000      6.995879732077394E-006  3.262180948073996E-002
   34.00000     -1.227990831766395E-005  3.281618783067448E-002
   35.00000      5.410739245580522E-006  3.336383197041178E-002
   36.00000     -2.324550349904337E-005  3.396739949725204E-002
   37.00000      2.209888830203928E-005  3.437047593504593E-002
   38.00000     -9.602044432987599E-006  3.486700110451499E-002
   39.00000     -4.911979332662156E-007  3.529948020719969E-002
   40.00000     -1.258114710399703E-005  3.567352209252456E-002
   41.00000      1.172620317915258E-005  3.612355407667069E-002
   42.00000      9.770810191357865E-006  3.652742806147045E-002
   43.00000     -1.019338837008190E-005  3.682809919701023E-002
   44.00000      2.041963522270488E-006  3.705080897391769E-002
   45.00000     -7.500517955046756E-006  3.696004832707813E-002
   46.00000     -6.089002375549153E-006  3.695481666352436E-002
   47.00000     -8.169540223529616E-006  3.703718611695168E-002
   48.00000      5.410645256345478E-007  3.708204186569340E-002
   49.00000      2.401176280328487E-005  3.728460373989038E-002
   50.00000     -2.411918778115244E-006  3.722254636017609E-002
   51.00000      2.035824008629611E-006  3.703533249520537E-002
   52.00000     -8.271729509282822E-006  3.699282996688404E-002
   53.00000      5.864559085266802E-006  3.656116452382742E-002
   54.00000      1.693396395226953E-006  3.628844866243219E-002
   55.00000      2.260400195048500E-005  3.633313474899150E-002
   56.00000      1.308126795104134E-005  3.635616906358865E-002
   57.00000     -3.456158640389330E-006  3.626969072388078E-002
   58.00000     -8.767648909551662E-006  3.619891240009621E-002
   59.00000      4.781469043654865E-006  3.593175221732148E-002
   60.00000      2.120407319240178E-005  3.545345666879282E-002
   61.00000      1.003798155749601E-005  3.535728037713715E-002
   62.00000     -1.693184337354470E-005  3.533309357779697E-002
   63.00000      2.573773800202856E-005  3.528076505653940E-002
   64.00000     -2.786876926047048E-005  3.514602951389378E-002
   65.00000      4.634318714999089E-006  3.492876394722387E-002
   66.00000      1.903009456692477E-005  3.455794533133019E-002
   67.00000      1.267362674165841E-005  3.424881519685605E-002
   68.00000     -1.028631943181514E-005  3.356593158631834E-002
   69.00000      2.073083833071294E-005  3.289168831515634E-002
   70.00000     -1.034429157367848E-005  3.249434136881177E-002
   71.00000      2.111150448521622E-006  3.206397644514222E-002
   72.00000      1.063777863504610E-005  3.133937512020266E-002
   73.00000     -5.269562597358932E-006  3.054595106285792E-002
   74.00000      4.165552410705767E-006  2.965827008114659E-002
   75.00000     -3.449001787168142E-006  2.893933911947708E-002
   76.00000      9.511669891311128E-006  2.821119416943105E-002
   77.00000      1.233375916799008E-005  2.737591305883549E-002
   78.00000      1.033366185791869E-005  2.653073661265584E-002
   79.00000     -2.753297431841839E-005  2.591075169615975E-002
   80.00000      1.077807473378369E-005  2.524559207131732E-002
   81.00000      1.720781537618121E-006  2.427911823603299E-002
   82.00000     -4.161985211651494E-006  2.334234185170001E-002
   83.00000     -3.851027043545379E-006  2.218326787330075E-002
   84.00000      2.402101637468572E-006  2.105579744705734E-002
   85.00000      5.352489774002565E-006  1.994636187296325E-002
   86.00000     -7.407965546861955E-006  1.901267279031792E-002
   87.00000      1.168889061486033E-006  1.792180666908830E-002
   88.00000      4.823932575361333E-006  1.685982856604386E-002
   89.00000      1.962423757936293E-005  1.579689509217093E-002
   90.00000     -6.535493367046936E-006  1.465807673317292E-002
   91.00000     -6.824071812719225E-006  1.325586787650017E-002
   92.00000      4.201914437554152E-006  1.191783177571873E-002
   93.00000     -9.167472974046308E-007  1.074500908381657E-002
   94.00000     -4.141296790018263E-006  9.340651109577573E-003
   95.00000      5.149292894169103E-006  7.842303103773984E-003
   96.00000      1.852779529777028E-005  6.462200133972983E-003
   97.00000     -1.016080016182281E-007  4.973036700912265E-003
   98.00000     -1.922742200971760E-005  3.331520268112087E-003
   99.00000      1.258019429018309E-005  1.923944542357911E-003
   100.0000     -1.099835987852898E-004  9.317305918704839E-004
