  0.0000000E+00  8.370249098544194E-004 -1.912320467436504E-007
   1.000000      2.066465195960302E-003 -2.797059863931466E-005
   2.000000      3.767335884953762E-003  3.718778298894143E-005
   3.000000      5.375807210161618E-003 -2.587762970688523E-005
   4.000000      6.869671662161024E-003  4.869463175600501E-007
   5.000000      8.388957267927202E-003  1.209320305283583E-005
   6.000000      9.718415414093096E-003 -7.541833673947434E-007
   7.000000      1.107825560131741E-002  1.291767422881923E-005
   8.000000      1.252823101243243E-002 -2.703296119495414E-005
   9.000000      1.393922840599314E-002 -2.078293207747536E-005
   10.00000      1.517455006626065E-002 -1.052138508204642E-005
   11.00000      1.650247733480073E-002  2.062727471736770E-005
   12.00000      1.767106394516448E-002 -1.212819829140242E-005
   13.00000      1.892162234448460E-002  1.590869313336961E-007
   14.00000      2.014754289187135E-002  6.485835613794526E-007
   15.00000      2.111954011677194E-002  1.437336279645591E-005
   16.00000      2.218686254626311E-002  1.480564413843218E-005
   17.00000      2.335579900396051E-002 -2.595009751676306E-005
   18.00000      2.449889017905474E-002  9.707398399242933E-006
   19.00000      2.557273867136435E-002  2.260297141654656E-005
   20.00000      2.644950377142806E-002 -1.698521512177866E-005
   21.00000      2.737551958781158E-002  6.154669505919952E-006
   22.00000      2.824840823169661E-002 -2.052428819175999E-005
   23.00000      2.890558601695478E-002  1.315344021357546E-005
   24.00000      2.961841073064834E-002 -1.211126146645962E-005
   25.00000      3.033803917779930E-002 -5.538752401864033E-006
   26.00000      3.114457437478008E-002  3.366300831268697E-005
   27.00000      3.186382513295750E-002 -9.618047850464886E-006
   28.00000      3.242540094956722E-002  3.216322273813213E-005
   29.00000      3.312061491376067E-002  2.432636836105445E-006
   30.00000      3.393823544313608E-002 -2.338981041906690E-006
   31.00000      3.452982106904016E-002 -4.886687091863664E-006
   32.00000      3.498036623825139E-002  3.078427687352643E-005
   33.00000      3.565003775076984E-002 -4.997930660113612E-006
   34.00000      3.613060126431415E-002 -2.025846562601094E-005
   35.00000      3.665534685346936E-002  7.445193266999288E-006
   36.00000      3.689215888171360E-002 -5.586657093775523E-005
   37.00000      3.715825185156190E-002 -3.397747154637103E-005
   38.00000      3.755700406847146E-002 -2.022226254096885E-007
   39.00000      3.798209637098645E-002 -4.394220744271104E-008
   40.00000      3.841767774646999E-002  2.893316666387728E-005
   41.00000      3.880022490044779E-002 -2.998246096659060E-005
   42.00000      3.906011309968814E-002 -6.379985697821823E-006
   43.00000      3.928024200596371E-002  1.123898604151418E-005
   44.00000      3.918489879896005E-002 -6.662829211188477E-006
   45.00000      3.910610423887117E-002  1.356535964684779E-006
   46.00000      3.912788788698603E-002  5.976965825773606E-006
   47.00000      3.923343193896887E-002  1.530214517480869E-005
   48.00000      3.938687679575736E-002 -2.935443537985183E-005
   49.00000      3.959819173682405E-002  2.634341485178193E-005
   50.00000      3.971357347863762E-002 -1.139432985285305E-005
   51.00000      3.980735504297089E-002 -3.809831452399807E-006
   52.00000      3.972382727871582E-002  7.902565581046137E-006
   53.00000      3.964787203789540E-002 -2.511899913667695E-005
   54.00000      3.960752262254072E-002  3.704819210283918E-006
   55.00000      3.950066845335454E-002  1.422945377925957E-005
   56.00000      3.927879307364618E-002 -9.972026125539803E-006
   57.00000      3.892589086254027E-002  3.201299020288848E-007
   58.00000      3.865119978870781E-002 -3.835688946217496E-006
   59.00000      3.867147706828657E-002  1.073071309210145E-005
   60.00000      3.840672783041660E-002  3.241658689617584E-005
   61.00000      3.785738629276467E-002 -9.168954376533083E-006
   62.00000      3.740274205008559E-002  8.565702073756145E-006
   63.00000      3.707290196595586E-002  3.356655334725187E-005
   64.00000      3.677340444958995E-002 -3.139111020311767E-005
   65.00000      3.626945750299592E-002 -1.155875504195295E-005
   66.00000      3.565547603092335E-002  1.364737811484412E-005
   67.00000      3.523796619284660E-002 -1.507518618093167E-005
   68.00000      3.461912705597871E-002  2.829866557820453E-006
   69.00000      3.413235922730658E-002 -1.682631029816998E-005
   70.00000      3.383829650042893E-002 -1.064366556109866E-007
   71.00000      3.346612420008786E-002 -1.451648545225195E-005
   72.00000      3.285969342390069E-002  2.795691318872579E-006
   73.00000      3.227080935035899E-002 -2.043561938676636E-005
   74.00000      3.169738491825274E-002  1.116785354916131E-005
   75.00000      3.103621428925648E-002 -6.148690108159929E-006
   76.00000      3.016903360716917E-002 -2.463168689504270E-005
   77.00000      2.937856015726336E-002  1.056641522462392E-005
   78.00000      2.863635682254276E-002 -2.312771192374986E-005
   79.00000      2.771806204802710E-002 -1.237828896833630E-005
   80.00000      2.684191895407686E-002  2.206327525075511E-005
   81.00000      2.600270089086903E-002 -1.569498692595209E-005
   82.00000      2.514148833656354E-002  6.305440434292043E-006
   83.00000      2.429814111772204E-002 -1.432379810292193E-005
   84.00000      2.318676849647631E-002 -1.447015014162356E-005
   85.00000      2.206582220217224E-002  2.060766982721384E-006
   86.00000      2.090469021136551E-002  3.768204913242404E-005
   87.00000      1.975625311875876E-002 -1.347711374618392E-005
   88.00000      1.856960483960444E-002  2.706134633857163E-005
   89.00000      1.740942170538025E-002  4.810133663228422E-006
   90.00000      1.616163767002660E-002  6.040187685987797E-006
   91.00000      1.474152324769201E-002 -1.373131578831465E-005
   92.00000      1.340635370533249E-002 -2.804317586814335E-007
   93.00000      1.188707321836167E-002 -3.146766386783273E-005
   94.00000      1.028590935726605E-002  1.390920124692761E-005
   95.00000      8.734473136085191E-003  8.698223795135258E-006
   96.00000      7.064690302425506E-003  5.824139334851709E-006
   97.00000      5.452157877674881E-003 -2.793781104562935E-005
   98.00000      3.645389132968640E-003 -1.472718006325657E-005
   99.00000      1.746961944262064E-003  2.757429194589212E-005
   100.0000      6.129487936138064E-004 -2.285536280534779E-005
